2

1360 1024

1765.819178317151 0 732.9292837507238
0 1765.140609092294 523.6615559414543
0 0 1

0.1424683213752901 1.200860457202559 0.00188198423552193 0.0001749575016272067 -1.566544619683375

1 0 0
0 1 0
0 0 1

0 0 0

1360 1024

1758.479681077165 0 717.899230789452
0 1756.879573117016 471.3857700797535
0 0 1

0.1608510569903403 1.008036648915339 -0.003841424125451663 -0.001535134080292878 -0.382657864142832

0.9998965470170272 0.01140296821695572 0.008767415769131539
-0.01150959240938321 0.9998592286199964 0.01220869468844154
-0.008626966210411808 -0.01230834104454414 0.9998870337166772

-0.07443494545431087 0.001352062911499957 -0.0009429201377638485

0.9997512111869463 -0.006913055157117359 0.02120673003149211
0.006781327700248686 0.9999573041088827 0.006277225017257273
-0.0212492193940337 -0.006131853528101677 0.9997554056105195

0.9997548828129696 -0.01815990445605827 0.01266460270882358
0.01823814255033978 0.9998151251451406 -0.006089801911410757
-0.01255167112136844 0.006319288025843632 0.9999012562002848

1756.879573117016 0 684.3722839355469
0 1756.879573117016 499.0494422912598
0 0 1

1 0 0 -684.3722839355469
0 1 0 -499.0494422912598
0 0 0 1756.879573117016
0 0 -13.434233481893 -0
